25
28
36
25
20
40
27
25
35
24
27
31
39
24
21
21
20
25
37
25
40
40
20
39
37
33
19
22
34
40
34
27
27
28
39
28
43
25
39
33
27
47
26
32
36
45
39
34
28
45
25
36
39
32
41
35
43
32
34
55
56
42
41
41
38
53
43
38
56
54
47
40
37
44
52
54
46
54
33
52
39
44
43
34
49
37
37
48
51
34
45
52
56
58
54
64
65
50
61
51
54
42
55
56
51
42
56
65
63
59
47
56
54
46
48
44
59
45
43
59
59
73
70
56
69
62
73
59
74
63
64
54
58
76
63
59
60
58
61
70
65
68
65
65
69
65
62
55
70
55
74
83
71
81
77
78
66
69
76
73
65
65
78
85
85
68
85
74
73
75
72
65
84
68
81
84
79
73
80
69
80
83
70
71
88
92
77
70
85
71
73
74
87
80
85
69
86
77
90
83
82
80
79
79
80
72
86
88
80
80
70
80
80
76
87
74
83
81
82
91
75
85
91
85
79
81
70
91
82
74
72
83
68
79
87
72
87
70
71
68
68
88
78
58
72
80
60
69
68
71
58
71
58
70
70
75
68
66
59
74
60
70
75
74
71
74
77
64
79
75
76
62
74
50
46
55
62
64
65
66
60
46
52
57
60
63
52
68
66
66
52
58
54
57
51
66
68
51
52
58
65
50
51
59
53
38
51
38
38
52
51
38
43
47
38
42
46
36
36
54
44
53
55
51
45
52
34
33
46
50
33
45
44
39
35
33
24
33
30
37
39
30
28
32
36
24
38
38
39
29
42
22
25
41
26
33
37
36
27
39
37
36
27
23
27
