34
22
27
35
25
23
34
35
24
37
30
19
38
35
22
22
21
23
36
19
29
39
26
28
23
24
19
39
29
36
25
28
45
43
31
42
37
38
34
30
33
41
38
33
26
26
28
34
30
43
24
43
24
28
30
39
35
29
25
47
55
52
43
46
49
39
35
48
47
47
38
54
42
46
34
41
44
48
46
35
50
37
49
37
40
40
42
40
42
40
51
52
62
54
45
60
62
58
54
53
42
52
45
65
63
57
48
46
44
46
46
59
52
43
50
45
64
64
48
64
71
72
59
58
56
65
73
71
62
70
64
56
58
74
59
68
74
65
65
56
54
59
58
54
73
76
69
75
61
55
76
79
72
80
65
76
76
78
83
69
82
72
72
68
75
66
85
85
79
67
71
77
71
78
82
76
75
65
81
65
64
71
84
84
91
92
91
79
87
91
71
70
79
72
83
91
85
82
83
71
90
85
88
72
82
89
81
86
88
83
90
70
69
73
82
79
72
77
72
85
82
85
69
82
68
78
71
84
87
70
80
86
76
83
89
91
84
68
88
89
73
67
71
68
82
61
80
74
61
64
77
64
79
77
74
73
71
58
81
66
81
75
66
74
63
70
62
62
81
60
81
59
60
48
64
58
65
51
45
60
59
54
58
62
53
55
52
65
51
52
55
69
68
55
51
50
62
52
53
49
56
59
63
59
40
42
38
39
48
36
50
37
44
51
44
39
55
53
55
41
52
42
55
38
42
48
33
51
39
51
33
40
39
50
28
26
31
37
23
39
26
22
30
28
32
42
29
37
28
38
38
32
31
25
26
30
39
39
32
35
37
23
42
39
27
