31
20
31
30
28
32
29
34
41
39
20
21
37
41
34
34
34
23
26
34
22
20
41
26
20
34
41
37
29
22
24
26
29
35
31
45
41
35
26
31
41
42
47
39
33
47
27
46
29
29
36
44
45
47
33
24
32
30
35
55
40
36
42
51
40
38
34
38
54
44
47
36
42
53
33
42
53
34
42
35
35
36
54
54
47
46
38
34
41
48
44
60
56
57
56
54
43
47
63
54
60
54
54
46
48
51
50
48
52
64
59
56
43
65
53
63
54
56
55
60
60
69
61
75
58
65
75
76
59
75
70
65
56
73
64
76
70
61
61
63
72
69
62
70
56
60
61
66
54
66
66
86
83
86
81
80
73
71
76
80
67
77
86
76
85
69
69
84
79
65
69
70
75
85
75
76
82
69
68
72
85
92
91
82
87
80
77
90
83
92
72
91
73
80
89
88
86
91
70
83
72
89
83
86
81
76
90
74
88
72
87
77
91
69
86
77
80
87
89
85
88
85
70
75
88
68
70
83
85
81
82
90
84
90
74
88
72
81
78
90
79
78
74
75
71
80
70
68
80
80
58
70
58
71
69
66
65
74
78
73
58
61
58
72
66
79
66
61
71
58
79
75
79
68
57
59
66
49
48
50
68
59
48
58
48
50
64
54
69
57
52
54
55
57
60
48
54
47
68
51
46
57
49
49
47
36
53
47
48
40
40
46
40
41
50
55
33
38
35
37
43
55
40
39
36
33
54
53
39
38
43
47
42
43
42
31
39
41
41
36
30
27
23
41
31
40
27
34
27
41
38
31
22
23
22
31
35
30
22
27
39
23
30
32
42
