39
33
24
28
30
28
29
21
26
27
22
22
36
32
30
26
30
31
30
33
29
35
32
28
19
40
40
21
39
29
35
47
46
38
31
31
33
34
37
46
29
28
25
35
46
42
42
39
43
32
43
39
38
30
24
42
35
29
42
35
54
44
34
45
54
43
49
34
37
38
38
47
45
47
56
55
35
48
37
55
40
40
39
51
53
36
52
35
49
53
45
53
65
54
59
62
55
45
46
61
54
48
56
43
59
65
46
61
59
54
58
63
52
56
46
43
60
51
64
51
70
54
60
61
73
67
72
66
74
74
60
73
68
64
71
70
76
76
57
74
65
66
58
73
62
68
65
68
68
70
74
65
72
71
68
70
79
83
70
80
64
78
68
70
64
64
69
80
79
84
82
86
72
71
67
73
78
81
77
86
68
77
75
91
83
71
75
77
83
72
78
91
84
76
81
73
73
78
75
79
75
71
71
79
87
71
72
77
72
76
81
79
76
87
69
81
79
73
77
89
78
79
74
91
86
89
88
79
87
70
87
70
76
77
84
82
76
88
82
81
73
89
84
72
67
60
65
69
67
78
78
59
81
82
62
75
67
78
82
74
82
70
77
76
71
70
60
70
70
64
68
79
70
62
69
56
64
65
50
47
53
61
45
49
54
63
68
48
51
62
52
56
60
62
52
48
55
48
49
62
46
68
50
66
41
37
43
36
43
48
39
39
53
50
55
42
47
43
36
50
53
37
52
36
46
51
52
38
50
34
55
43
54
33
42
36
30
29
41
30
35
34
38
42
24
27
29
42
36
27
22
26
32
41
42
30
26
38
26
24
29
31
42
28
38
