20
24
39
25
34
27
41
29
29
36
35
19
33
32
31
32
22
23
36
24
34
28
40
24
32
30
34
22
41
25
19
43
41
26
24
33
35
27
39
37
43
40
29
40
44
39
36
46
40
46
24
35
31
45
45
47
38
26
47
44
49
45
53
33
38
55
56
38
53
35
42
36
49
46
41
47
43
43
40
48
51
49
43
40
46
40
37
40
55
44
44
47
50
55
47
59
52
48
47
47
60
59
43
59
66
52
49
62
45
52
59
62
61
65
55
51
65
46
58
52
69
63
55
67
65
58
60
71
72
58
66
66
63
68
72
71
65
68
59
56
63
67
76
68
61
57
66
69
68
55
74
79
79
86
84
85
75
64
79
73
77
82
79
74
82
65
71
70
81
74
72
76
74
66
75
86
84
75
83
68
65
80
73
88
69
83
77
69
76
70
71
89
75
90
88
72
69
79
91
82
89
84
69
76
82
91
84
88
91
88
89
87
68
87
88
86
84
88
81
91
69
90
86
91
84
75
90
86
77
80
91
81
70
76
72
73
69
90
67
78
77
79
87
77
62
70
63
76
75
58
75
59
64
62
63
61
68
60
59
58
68
68
78
69
68
72
65
72
73
62
67
72
76
62
53
58
50
63
61
63
52
45
58
57
57
55
60
61
58
64
50
60
63
49
47
67
46
63
58
65
59
51
55
52
35
55
44
52
48
49
52
45
39
50
36
35
49
45
51
44
39
47
51
41
48
43
48
38
55
38
35
33
45
34
34
37
29
30
36
38
27
29
35
40
39
41
26
23
37
39
42
37
29
31
25
25
23
40
42
42
40
29
25
37
29
